1.410791600564811577e-10
6.669926558476005254e-11
3.784184122113391386e-11
2.414683763184282372e-11
1.672003812108126420e-11
1.228741690395918730e-11
9.437773132712753068e-12
7.504170390223439401e-12
6.131469156608439455e-12
5.118406363034525604e-12
4.355586766152003790e-12
3.760549112113726908e-12
3.287328795058166953e-12
2.901544838351707789e-12
2.588140928684579957e-12
2.330129788986672335e-12
2.112729987738775719e-12
1.929546495543496587e-12
1.770680471203971391e-12
1.633152304110943330e-12
1.513321586418005921e-12
1.407666586548915010e-12
1.314435200207855238e-12
1.231912676944112009e-12
1.157927518172600544e-12
1.091760045699623314e-12
1.032159928830696917e-12
9.781943187879933225e-13
9.293355577957196706e-13
8.844348427610921157e-13
8.436940368776970617e-13
8.062237480432819615e-13
7.716566422559754450e-13
7.400756787820929543e-13
7.105781562611752518e-13
6.832842917826050830e-13
6.580343486753856232e-13
6.345743232321058768e-13
6.126942646270875987e-13
5.922087969883904577e-13
5.729974689483839369e-13
5.549568421329450908e-13
5.380100034843284379e-13
5.220926954847936242e-13
5.071072049871693999e-13
4.929728352087846169e-13
4.796141264675787247e-13
4.669686504457476661e-13
4.550022834340419522e-13
4.436840591304065243e-13
4.329503710195247523e-13
4.227387917149893658e-13
4.130084126090508356e-13
4.037262117139850747e-13
3.948927876885842956e-13
3.865044210497699534e-13
3.785208345495826314e-13
3.708949738502473648e-13
3.636000672754138642e-13
3.566177982779326901e-13
3.499308160458543603e-13
3.435256492695647986e-13
3.373866146118604660e-13
3.315035303651449663e-13
3.258689673164097809e-13
3.204651816291056411e-13
3.152726309633133390e-13
3.102721345752514900e-13
3.054486893928580608e-13
3.007897756954893545e-13
2.963054856439779545e-13
2.920044895193703550e-13
2.878783250415192500e-13
2.839179342266266334e-13
2.801081724368557767e-13
2.764237489931591222e-13
2.728566903016769076e-13
2.694075228660064424e-13
2.660735985083766188e-13
2.628526458245192437e-13
2.597409391281189887e-13
2.567307305709387137e-13
2.538174537425579970e-13
2.509959421488118590e-13
2.482618175573296885e-13
2.456078719780262782e-13
2.430286600966787933e-13
2.405222321660682927e-13
2.380859343886049340e-13
2.357179530885942677e-13
2.334156614337172367e-13
2.311779630251078900e-13
2.290016589256773313e-13
2.268857941053522280e-13
2.248273932090656547e-13
2.228243069060192689e-13
2.208751345625065899e-13
2.189759876699667064e-13
2.171263248458823313e-13
2.153237632906563894e-13
2.135666454671383205e-13
2.118522183335130414e-13
2.101790365618346540e-13
2.085451546925760585e-13
2.069487291670303658e-13
2.053880121798004599e-13
2.038608137973175451e-13
2.023666352360235793e-13
2.009034413400487168e-13
1.994698056289552008e-13
1.980648335855727103e-13
1.966871710893562348e-13
1.953355320836872119e-13
1.940086945765071414e-13
1.927059585998917891e-13
1.914261964188468982e-13
1.901678896531359922e-13
1.889304788485488335e-13
1.877129925383090451e-13
1.865145060207331468e-13
1.853337216524127671e-13
1.841702314842086568e-13
1.830232361061092989e-13
1.818915762641863258e-13
1.807749357923330519e-13
1.796722368503914824e-13
1.785828366776217501e-13
1.775064952071459366e-13
1.764422428471974253e-13
1.753891718126885707e-13
1.743475375045653478e-13
1.733161798897265035e-13
1.722950378247674924e-13
1.712833654307402403e-13
1.702811254039020347e-13
1.692876148163464010e-13
1.683024915340199193e-13
1.673251060948199852e-13
1.663557912903392507e-13
1.653936071485570267e-13
1.644382775487640382e-13
1.634898411051744348e-13
1.625474321196000797e-13
1.616111144846714892e-13
1.606797802307711146e-13
1.597532400184494479e-13
1.588310285572354980e-13
1.579127028967831470e-13
1.569978414600852795e-13
1.560857631991617120e-13
1.551768665998333205e-13
1.542707251855592675e-13
1.533674565264158288e-13
1.524669122806464241e-13
1.515694604655259302e-13
1.506744418528755718e-13
1.497822235391313764e-13
1.488924165185575559e-13
1.480048924837098456e-13
1.471190495620944157e-13
1.462347874421328353e-13
1.453520099517707464e-13
1.444701636089870545e-13
1.435894047445362153e-13
1.427094315111238695e-13
1.418301785107884643e-13
1.409515831706639547e-13
1.400735855703043610e-13
1.391961284580507522e-13
1.383189448376643327e-13
1.374424089626647479e-13
1.365660488061332203e-13
1.356898235673596563e-13
1.348138966755082710e-13
1.339380272737892509e-13
1.330621969148539057e-13
1.321861956825786977e-13
1.313102100137311759e-13
1.304342268798451328e-13
1.295580446273356436e-13
1.286818448249015585e-13
1.278056160959089458e-13
1.269291646114300776e-13
1.260526671444254964e-13
1.251759347192517334e-13
1.242991409227529301e-13
1.234222768143491524e-13
1.225451604284402338e-13
1.216679608342626794e-13
1.207906702938768661e-13
1.199131135427171477e-13
1.190352888727568364e-13
1.181575239740414173e-13
1.172796445157653575e-13
1.164018058365436829e-13
1.155241569172361965e-13
1.146468408978703344e-13
1.137695259947637568e-13
1.128926676780112990e-13
