2.000000000000000000e+00 1.983252007547254003e-01
3.000000000000000000e+00 1.539986459230531513e-01
4.000000000000000000e+00 1.353343891020606926e-01
5.000000000000000000e+00 1.242734083196403716e-01
6.000000000000000000e+00 1.163286482375152503e-01
7.000000000000000000e+00 1.101891712041974530e-01
8.000000000000000000e+00 1.061783971059145626e-01
9.000000000000000000e+00 1.040396653227827067e-01
1.000000000000000000e+01 1.029036487878253331e-01
1.100000000000000000e+01 1.022588072586636671e-01
