2.000000000000000000e+00 3.030155649996550071e+00
3.000000000000000000e+00 1.743297149400981239e+00
4.000000000000000000e+00 1.142384997964973392e+00
5.000000000000000000e+00 7.665071553244381386e-01
6.000000000000000000e+00 5.082215498659210517e-01
7.000000000000000000e+00 3.428370175558412281e-01
8.000000000000000000e+00 2.572690567505723780e-01
9.000000000000000000e+00 2.176513452692432071e-01
1.000000000000000000e+01 1.977369811365148611e-01
1.100000000000000000e+01 1.872050615757728798e-01
