2.000000000000000000e+00 2.939394317697310299e+00
3.000000000000000000e+00 1.614689525448714136e+00
4.000000000000000000e+00 1.015010525686177445e+00
5.000000000000000000e+00 6.720747200877141836e-01
6.000000000000000000e+00 4.581912200178714922e-01
7.000000000000000000e+00 3.329019079930257141e-01
8.000000000000000000e+00 2.771253526921085286e-01
9.000000000000000000e+00 2.608166857894200774e-01
1.000000000000000000e+01 2.593937256632408705e-01
1.100000000000000000e+01 2.567269623707656989e-01
