2.000000000000000000e+00 5.933841783764912670e+00
3.000000000000000000e+00 3.725664255362863830e+00
4.000000000000000000e+00 2.908686673964786529e+00
5.000000000000000000e+00 2.433984497069223707e+00
6.000000000000000000e+00 2.167715059701101676e+00
7.000000000000000000e+00 2.032886046899152088e+00
8.000000000000000000e+00 1.959821458424813923e+00
9.000000000000000000e+00 1.922283749099768180e+00
1.000000000000000000e+01 1.916094078759244868e+00
1.100000000000000000e+01 1.916082606572568459e+00
