2.000000000000000000e+00 1.963494785466273762e-01
3.000000000000000000e+00 1.525263623535183799e-01
4.000000000000000000e+00 1.338948275610636618e-01
5.000000000000000000e+00 1.226192391133849036e-01
6.000000000000000000e+00 1.144627165728767104e-01
7.000000000000000000e+00 1.086136120974479508e-01
8.000000000000000000e+00 1.056258877343272395e-01
9.000000000000000000e+00 1.046366911292350294e-01
1.000000000000000000e+01 1.043474429213409882e-01
1.100000000000000000e+01 1.041583332456619410e-01
