2.000000000000000000e+00 9.864268521711794691e+00
3.000000000000000000e+00 5.322992754691301620e+00
4.000000000000000000e+00 3.387000449071618124e+00
5.000000000000000000e+00 2.314538791257903405e+00
6.000000000000000000e+00 1.679441818302047640e+00
7.000000000000000000e+00 1.345372882899179334e+00
8.000000000000000000e+00 1.249522900583488028e+00
9.000000000000000000e+00 1.249333885417130530e+00
1.000000000000000000e+01 1.180584347342328311e+00
1.100000000000000000e+01 9.990053375970637806e-01
