2.000000000000000000e+00 2.683186529633378448e-01
3.000000000000000000e+00 2.076928118772101706e-01
4.000000000000000000e+00 1.844982193343745192e-01
5.000000000000000000e+00 1.727945037090939939e-01
6.000000000000000000e+00 1.661981965113970561e-01
7.000000000000000000e+00 1.622903461770860700e-01
8.000000000000000000e+00 1.599155811440319819e-01
9.000000000000000000e+00 1.584638843147626874e-01
1.000000000000000000e+01 1.575866199419552749e-01
1.100000000000000000e+01 1.570638999930457358e-01
