2.000000000000000000e+00 2.924869462406123333e-01
3.000000000000000000e+00 2.294054840734159606e-01
4.000000000000000000e+00 2.062550786136440051e-01
5.000000000000000000e+00 1.951936758514470904e-01
6.000000000000000000e+00 1.893699203173086210e-01
7.000000000000000000e+00 1.861901510124379100e-01
8.000000000000000000e+00 1.844323236380791264e-01
9.000000000000000000e+00 1.834743553276354522e-01
1.000000000000000000e+01 1.829685350952614531e-01
1.100000000000000000e+01 1.827113334987796323e-01
