2.000000000000000000e+00 1.940941113130819351e-01
3.000000000000000000e+00 1.504974884320510742e-01
4.000000000000000000e+00 1.318220168881350240e-01
5.000000000000000000e+00 1.205667977385175005e-01
6.000000000000000000e+00 1.128453141776853408e-01
7.000000000000000000e+00 1.081585025967650715e-01
8.000000000000000000e+00 1.066000937905534074e-01
9.000000000000000000e+00 1.063853269815738800e-01
1.000000000000000000e+01 1.060676792728991041e-01
1.100000000000000000e+01 1.053270208592499424e-01
