2.000000000000000000e+00 3.150818266933721645e+01
3.000000000000000000e+00 2.045405262128484836e+01
4.000000000000000000e+00 1.549752187198567732e+01
5.000000000000000000e+00 1.316139924252471083e+01
6.000000000000000000e+00 1.211028188319768084e+01
7.000000000000000000e+00 1.163339218755876026e+01
8.000000000000000000e+00 1.139323568707129652e+01
9.000000000000000000e+00 1.133961841000380488e+01
1.000000000000000000e+01 1.133427694092115878e+01
1.100000000000000000e+01 1.124444709478568782e+01
