2.000000000000000000e+00 4.073805439671784434e+00
3.000000000000000000e+00 2.492390618115558176e+00
4.000000000000000000e+00 1.855246296193119093e+00
5.000000000000000000e+00 1.518376033892077981e+00
6.000000000000000000e+00 1.315925762108671071e+00
7.000000000000000000e+00 1.188832205202910997e+00
8.000000000000000000e+00 1.106723462804829250e+00
9.000000000000000000e+00 1.054444773056918638e+00
1.000000000000000000e+01 1.023273956287124697e+00
1.100000000000000000e+01 1.007675012276829207e+00
