2.000000000000000000e+00 2.495676121615657272e-01
3.000000000000000000e+00 1.907174021371016159e-01
4.000000000000000000e+00 1.672987506085390486e-01
5.000000000000000000e+00 1.548569363113027342e-01
6.000000000000000000e+00 1.473778091619123154e-01
7.000000000000000000e+00 1.425877737874067519e-01
8.000000000000000000e+00 1.394018040942156533e-01
9.000000000000000000e+00 1.372368156995396604e-01
1.000000000000000000e+01 1.357548017419447917e-01
1.100000000000000000e+01 1.347379131560926258e-01
